4294967278,77
4294967278,76
4294967278,75
4294967278,74
4294967278,73
4294967279,77
4294967279,76
4294967279,75
4294967279,74
4294967279,73
4294967279,72
4294967279,71
4294967279,70
4294967293,131
4294967293,130
4294967293,129
4294967293,128
4294967293,127
4294967293,126
4294967293,125
4294967293,124
4294967293,123
4294967293,122
4294967293,121
4294967293,120
4294967293,119
4294967293,118
4294967293,117
4294967293,116
4294967293,115
4294967293,114
4294967293,113
4294967293,112
4294967293,111
4294967293,110
4294967293,109
4294967293,108
4294967293,107
4294967293,106
4294967293,105
4294967293,104
4294967293,103
4294967293,102
4294967293,101
4294967293,100
4294967293,99
4294967293,98
4294967293,97
4294967293,96
4294967293,95
4294967293,94
4294967293,93
4294967293,92
4294967293,91
4294967293,90
4294967293,89
4294967293,87
4294967293,86
4294967293,85
4294967293,84
4294967293,83
4294967293,82
4294967293,81
4294967293,80
4294967293,79
4294967293,78
4294967293,77
4294967293,76
4294967293,75
4294967293,74
4294967293,73
4294967293,72
4294967293,71
4294967293,70
4294967293,69
4294967293,68
4294967293,67
4294967293,66
4294967293,65
4294967293,64
4294967293,63
4294967293,62
4294967293,61
4294967293,60
4294967293,59
4294967293,58
4294967293,57
4294967293,56
4294967293,55
4294967293,54
4294967293,53
4294967293,52
4294967293,51
4294967293,50
4294967293,49
4294967293,48
4294967293,47
4294967293,46
4294967293,45
4294967293,44
4294967293,43
4294967293,42
4294967293,41
4294967293,40
4294967293,39
4294967293,38
4294967293,37
4294967293,36
4294967293,35
4294967293,34
4294967293,33
4294967293,32
4294967293,31
4294967293,30
4294967293,29
4294967293,28
4294967293,27
4294967293,26
4294967293,25
4294967293,24
4294967293,23
4294967293,22
4294967293,21
4294967293,20
4294967293,19
4294967293,18
4294967293,17
4294967293,16
4294967293,15
4294967293,14
4294967293,13
4294967293,12
4294967293,11
4294967293,10
4294967293,9
4294967293,8
4294967293,7
4294967293,6
4294967293,5
4294967293,4
4294967293,3
4294967278,116
4294967278,411
4294967278,407
4294967278,105
4294967278,104
4294967278,403
4294967278,103
4294967278,102
4294967278,100
4294967278,99
4294967278,97
4294967278,96
4294967278,94
4294967278,93
4294967278,92
4294967278,91
4294967278,332
4294967278,68
4294967278,331
4294967278,67
4294967278,330
4294967278,66
4294967278,329
4294967278,65
4294967278,64
4294967278,63
4294967278,62
4294967278,323
4294967278,59
4294967278,58
4294967278,321
4294967278,57
4294967278,55
4294967278,54
4294967278,53
4294967278,316
4294967278,52
4294967278,315
4294967278,51
4294967278,50
4294967278,49
4294967278,48
4294967278,47
4294967278,310
4294967278,46
4294967278,45
4294967278,44
4294967278,43
4294967278,42
4294967278,41
4294967278,410
4294967278,40
4294967278,39
4294967278,38
4294967278,37
4294967278,36
4294967278,35
4294967278,34
4294967278,33
4294967278,32
4294967278,31
4294967278,30
4294967278,29
4294967278,28
4294967278,27
4294967278,290
4294967278,409
4294967278,174
4294967278,88
4294967278,0
4294967278,260
4294967279,105
4294967279,97
4294967279,96
4294967279,485
4294967279,92
4294967279,90
4294967279,87
4294967279,86
4294967279,83
4294967279,405
4294967279,404
4294967279,69
4294967279,403
4294967279,68
4294967279,67
4294967279,66
4294967279,65
4294967279,64
4294967279,63
4294967279,395
4294967279,60
4294967279,394
4294967279,59
4294967279,393
4294967279,58
4294967279,392
4294967279,57
4294967279,55
4294967279,54
4294967279,387
4294967279,52
4294967279,386
4294967279,51
4294967279,45
4294967279,484
4294967279,39
4294967279,36
4294967279,35
4294967279,34
4294967279,483
4294967279,31
4294967279,29
4294967279,27
4294967279,478
4294967279,174
4294967279,2
4294967279,0
4294967279,482
4294967279,260
4294967294,1170
4294967294,1169
4294967294,165
4294967294,2509
4294967294,36
4294967294,39
4294967294,1173
4294967294,30
4294967294,80
4294967294,1172
4294967294,1626
4294967294,1280
4294967294,1628
0,5
4294967279,211
4294967294,2513
4294967294,14
4294967294,20
4294967294,13
4294967294,1624
4294967294,126
4294967294,12
4294967294,127
4294967294,18
4294967294,1627
4294967294,81
4294967294,1168
4294967294,1183
4294967294,11
4294967294,1426
4294967294,1575
4294967294,1176
4294967294,1175
4294967294,22
4294967294,17
4294967294,42
4294967294,67
4294967294,76
4294967294,41
4294967294,1179
4294967294,1449
4294967294,1182
4294967294,433
4294967294,1691
4294967294,1335
4294967294,1573
4294967294,204
4294967294,1675
4294967294,1696
4294967294,1457
4294967294,1630
4294967294,1657
4294967294,1566
4294967294,205
4294967294,1661
4294967294,1641
4294967294,2
4294967294,1333
4294967294,1702
4294967294,1700
4294967294,1956
4294967294,91
4294967294,90
4294967294,88
4294967294,87
4294967294,86
4294967294,82
4294967294,83
4294967294,582
4294967294,53
4294967294,51
4294967294,45
4294967294,1420
4294967294,43
4294967294,44
4294967294,99
1,3
1,0
4294967294,1683
4294967294,24
4294967294,104
4294967294,106
4294967294,107
4294967294,1
4294967294,1574
4294967294,1425
4294967294,0
4294967294,1424
4294967294,1423
4294967294,1421
4294967294,1422
4294967294,1003
4294967294,1001
4294967294,999
4294967294,998
4294967294,997
4294967294,993
4294967294,992
4294967294,991
4294967294,990
4294967294,989
4294967294,987
4294967294,986
4294967294,985
4294967294,984
4294967294,983
4294967294,981
4294967294,980
4294967294,977
4294967294,975
4294967294,969
4294967294,968
4294967294,965
4294967294,964
4294967294,963
4294967294,961
4294967294,958
4294967294,955
4294967294,952
4294967294,727
4294967294,951
4294967294,946
4294967294,945
4294967294,944
4294967294,943
4294967294,940
4294967294,936
4294967294,934
4294967294,933
4294967294,932
4294967294,930
4294967294,929
4294967294,925
4294967294,924
4294967294,920
4294967294,5
4294967294,917
4294967294,916
4294967294,913
4294967294,912
4294967294,910
4294967294,909
4294967294,907
4294967294,905
4294967294,904
4294967294,902
4294967294,901
4294967294,899
4294967294,898
4294967294,897
4294967294,896
4294967294,895
4294967294,894
4294967294,892
4294967294,890
4294967294,888
4294967294,886
4294967294,885
4294967294,883
4294967294,880
4294967294,877
4294967294,876
4294967294,874
4294967294,870
4294967294,867
4294967294,866
4294967294,865
4294967294,864
4294967294,859
4294967294,858
4294967294,855
4294967294,853
4294967294,851
4294967294,850
4294967294,848
4294967294,846
4294967294,845
4294967294,844
4294967294,841
4294967294,840
4294967294,839
4294967294,836
4294967294,835
4294967294,720
4294967294,834
4294967294,833
4294967294,832
4294967294,829
4294967294,828
4294967294,827
4294967294,826
4294967294,822
4294967294,821
4294967294,820
4294967294,817
4294967294,816
4294967294,815
4294967294,814
4294967294,813
4294967294,812
4294967294,811
4294967294,810
4294967294,808
4294967294,807
4294967294,805
4294967294,714
4294967294,803
4294967294,801
4294967294,800
4294967294,799
4294967294,798
4294967294,797
4294967294,796
4294967294,794
4294967294,790
4294967294,789
4294967294,788
4294967294,787
4294967294,783
4294967294,782
4294967294,779
4294967294,778
4294967294,776
4294967294,775
4294967294,774
4294967294,770
4294967294,769
4294967294,768
4294967294,702
4294967294,700
4294967294,699
4294967294,697
4294967294,696
4294967294,691
4294967294,688
4294967294,686
4294967294,685
4294967294,684
4294967294,683
4294967294,682
4294967294,681
4294967294,680
4294967294,677
4294967294,674
4294967294,672
4294967294,670
4294967294,669
4294967294,666
4294967294,659
4294967294,656
4294967294,654
4294967294,653
4294967294,651
4294967294,650
4294967294,649
4294967294,648
4294967294,646
4294967294,644
4294967294,641
4294967294,640
4294967294,635
4294967294,630
4294967294,626
4294967294,624
4294967294,623
4294967294,621
4294967294,732
4294967294,620
4294967294,619
4294967294,617
4294967294,616
4294967294,614
4294967294,706
4294967294,613
4294967294,637
4294967294,719
4294967294,612
4294967294,611
4294967294,610
4294967294,730
4294967294,609
4294967294,710
4294967294,608
4294967294,729
4294967294,607
4294967294,627
4294967294,606
4294967294,605
4294967294,604
4294967294,717
4294967294,638
4294967294,603
4294967294,716
4294967294,915
4294967294,725
4294967294,878
4294967294,704
4294967294,722
4294967294,875
4294967294,713
4294967294,792
4294967294,791
4294967294,1464
4294967294,195
4294967294,1331
4294967294,1947
4294967279,477
4294967279,476
4294967294,1433
4294967294,1323
4294967294,1039
4294967294,196
4294967294,1946
4294967294,1673
4294967294,429
4294967294,1945
4294967294,1324
4294967294,194
4294967294,1412
4294967294,1283
4294967294,1044
4294967294,1328
4294967294,1944
4294967294,192
4294967294,1943
4294967294,1320
4294967294,1942
4294967294,1721
4294967294,1941
4294967294,1312
4294967294,1282
4294967279,465
4294967279,467
4294967279,466
4294967278,396
4294967279,475
4294967279,474
4294967279,157
4294967279,473
4294967279,472
4294967279,471
4294967278,402
4294967279,470
4294967278,401
4294967278,399
4294967278,398
4294967278,397
4294967279,220
4294967279,468
4294967294,1999
4294967294,1940
4294967294,1327
4294967294,193
4294967294,1939
4294967294,1034
4294967294,1994
4294967294,1938
4294967294,1937
4294967294,423
4294967294,1936
4294967294,1991
4294967294,255
4294967294,1552
4294967294,1935
4294967294,1995
4294967294,585
4294967294,1181
4294967294,1990
4294967294,602
4294967294,1933
4294967294,1440
4294967294,1439
4294967294,1438
4294967294,1437
4294967294,1436
4294967294,1669
4294967294,1705
4294967294,1932
4294967294,445
4294967294,1985
4294967294,1986
4294967294,600
4294967294,1984
4294967294,1931
4294967294,1930
4294967294,578
4294967294,8
4294967294,424
4294967294,583
4294967294,1725
4294967294,1929
4294967294,1928
4294967294,1726
4294967294,1720
4294967294,1927
4294967294,426
4294967294,1722
4294967294,1926
4294967294,1454
4294967294,1925
4294967294,1719
4294967294,1723
4294967294,1713
4294967294,1714
4294967294,1432
4294967294,1724
4294967294,1718
4294967294,1924
4294967294,1712
4294967294,1923
4294967294,1662
4294967294,1922
4294967294,84
4294967294,1727
4294967294,1697
4294967294,1711
4294967294,1706
4294967294,1921
4294967294,1698
4294967294,1431
4294967294,1699
4294967294,1430
4294967294,1867
4294967294,1866
4294967294,1865
4294967294,1864
4294967294,1863
4294967294,1861
4294967294,1862
4294967294,1860
4294967294,1859
4294967294,1858
4294967294,1857
4294967294,1856
4294967294,1855
4294967294,1854
4294967294,1853
4294967294,1852
4294967294,1851
4294967294,200
4294967294,1337
4294967294,1567
4294967294,1471
4294967294,1341
4294967294,1343
4294967279,464
4294967279,463
4294967279,462
4294967279,461
4294967278,395
4294967294,1564
4294967294,1571
4294967294,1614
4294967294,1604
4294967294,1561
4294967294,1997
4294967294,1601
4294967294,1538
4294967294,1602
4294967294,1470
4294967294,1468
4294967294,1553
4294967294,1550
4294967294,1544
4294967294,1547
4294967294,1537
4294967294,1545
4294967294,1540
4294967294,157
4294967294,1603
4294967294,1551
4294967294,120
